322.076852257 25.631301418 0 0.652915183775 25
40.3117661825 25.8383382351 0 0.942380338756 25
95.051584931 28.273303161 0 0.830560386203 25
194.156286829 27.5944161956 0 0.934022406951 25
119.197787507 25.9090378072 0 0.793442208555 25
209.173082983 25.2847501512 0 0.878735772563 25
313.487592473 26.9180334858 0 0.839838467479 25
181.843401728 26.1342125477 0 0.713165983397 25
98.7037137443 25.8779360358 0 0.786218303718 25
103.500649825 29.7254537011 0 0.704913513573 25
45.8458163791 29.8654674711 0 0.929834770812 25
202.04133569 29.2663432613 0 0.843428175715 25
317.313478058 28.9747899229 0 0.949127982751 25
184.362766483 27.4752727159 0 0.751438473761 25
118.193308902 25.8499061741 0 0.92684023909 25
281.405721426 29.40360047 0 0.720646023312 25
242.090618091 28.6942715164 0 0.859843946922 25
222.52404222 25.5463411809 0 0.821500110181 25
214.431816242 26.3060659391 0 0.653413194421 25
174.643709228 28.2573661685 0 0.826953547324 25
93.0729431317 26.302795738 0 0.83229297474 25
70.0454078923 25.1137568739 0 0.695374310276 25
162.718217671 26.487929586 0 0.907247135638 25
352.726929932 25.8652666583 0 0.893896836271 25
